0
-1
1
-0.70710678118655
0.70710678118655
-0.92387953251129
-0.38268343236509
0.38268343236509
0.92387953251129
-0.98078528040323
-0.83146961230255
-0.5555702330196
-0.19509032201613
0.19509032201613
0.5555702330196
0.83146961230255
0.98078528040323
-0.9951847266722
-0.95694033573221
-0.88192126434836
-0.77301045336274
-0.63439328416365
-0.471396736826
-0.29028467725446
-0.098017140329561
0.098017140329561
0.29028467725446
0.471396736826
0.63439328416365
0.77301045336274
0.88192126434835
0.95694033573221
0.9951847266722
