0.024543811757471
0.00012210012210012
0.00012210012210012
0.017355249090463
0.017355249090463
0.0093932648708979
0.02267555477583
0.02267555477583
0.0093932648708979
0.0047911693976419
0.013636128570734
0.020407506700179
0.024072216286256
0.024072216286256
0.020407506700179
0.013636128570734
0.0047911693976419
0.0024157327243955
0.007126030216176
0.011570347467179
0.015570648552034
0.018972729960642
0.021645757480845
0.023486979523307
0.024425628321533
0.024425628321533
0.023486979523307
0.021645757480845
0.018972729960642
0.015570648552034
0.011570347467179
0.007126030216176
0.0024157327243955
0.0011757453376559
0.0035963465808681
0.0059616973571064
0.0082674938286448
0.010493137214869
0.012617532490877
0.014620326598734
0.016482273284988
0.01818546014332
0.019713494356478
0.021051665555709
0.022187089619629
0.023108833755463
0.023808022292625
0.024277922428571
0.024514009215513
0.024514009215513
0.024277922428571
0.023808022292625
0.023108833755463
0.022187089619629
0.021051665555709
0.019713494356478
0.01818546014332
0.016482273284988
0.014620326598734
0.012617532490877
0.010493137214869
0.0082674938286448
0.0059616973571064
0.0035963465808681
0.0011757453376558
